00000100011000100000000000000111
00010100000000000000000000010000
00000100000000000000000000000000
00000100000000000000000000000000
00011101000001100000000000000111
01000001010010000011100000000110
00000100010010000000000000000111
00000100100010010000000000000100
00000100000000010000000000000000
00000100000000100000000000000000
00000100000010100000000000001010
00000100000000000000000000000000
01000000001000100001000000000001
00000100001000010000000000000001
01000000001010100001100000000100
00000100000000000000000000000000
00000100000000000000000000000000
00011000011000001111111111101000
00010000000000100000000000000000
00000110000100010000000000000100
00000110001100110000000000000000
10000100000000000000000000000000
00000100000000000000000000000001
00000100000000000000000000000010